[gd_scene load_steps=2 format=2]

[ext_resource path="res://scene/player_wardah.tscn" type="PackedScene" id=1]

[node name="Level" type="Spatial"]

[node name="Floor" type="CSGBox" parent="."]
use_collision = true
width = 100.0
height = 0.5
depth = 100.0

[node name="Camera" type="Camera" parent="."]
transform = Transform( 0.999989, -0.00469445, 0.000449782, 0.00441817, 0.96593, 0.258766, -0.00164922, -0.258761, 0.96594, 0.0892673, 15.1534, 3.82821 )
current = true

[node name="player_wardah" parent="." instance=ExtResource( 1 )]
transform = Transform( -0.0328412, 0, -0.999461, 0, 1, 0, 0.999461, 0, -0.0328412, 0.0892673, 10.8801, -6.979 )

[node name="RemoteTransform" parent="player_wardah" index="2"]
transform = Transform( -0.137514, 0, 0.9905, 0, 1, 0, -0.9905, 0, -0.137514, 10.8014, 4.27338, -0.354921 )
remote_path = NodePath("../../Camera")
update_rotation = false
update_scale = false

[editable path="player_wardah"]
